subject_name	AllF	AllRI	RonlyF	RonlyRI	ConlyF	ConlyRI	VonlyF	VonlyRI	RConlyF	RConlyRI	RVonlyF	RVonlyRI	VConlyF	VConlyRI
107	3546	0	2	13	0	34	0	51	0	0	0	4	0	0
1077	3145	0	0	109	0	0	0	47	0	0	0	0	0	0
1078	32	1	40	65	0	6	1	34	0	0	0	5	2	10
1079	2169	0	0	137	0	0	0	8	0	0	0	1	0	0
1106	667	0	0	0	0	0	0	1	0	0	0	0	0	0
1145	4155	0	1	2	0	1	0	116	0	0	0	0	0	0
1176	380	88	0	29	0	2	1	303	25	90	0	5	0	0
1182	241	0	13	165	0	7	0	2	0	0	0	8	207	0
1201	1086	0	1	2	0	0	0	0	0	0	0	0	0	1
1226	5134	0	1	22	0	2	0	2	0	0	0	0	0	0
192	5115	0	1	13	0	2	0	51	0	0	0	7	0	1
227	798	0	0	149	0	0	0	0	0	0	0	0	0	1
26	5229	0	0	16	0	0	0	0	0	0	0	0	0	1
32	726	0	0	1	0	20	0	266	13	0	0	0	0	0
362	1944	1	0	9	0	4	0	2	0	0	0	1	0	0
519	3913	0	0	27	0	0	0	2	0	0	0	0	0	0
564	4668	0	0	0	57	4	0	53	0	0	96	1	0	0
68	5189	0	0	1	0	1	0	2	0	0	0	0	0	1
72	512	0	0	44	0	0	0	22	0	0	0	1	0	1
753	623	2	0	105	0	1	0	0	0	0	0	0	0	0
87	992	0	0	55	0	3	0	40	0	0	0	0	0	0
908	4852	0	0	0	0	6	0	80	0	0	0	0	0	0
927	5244	0	0	0	0	0	0	0	0	0	0	0	0	0
951	5069	0	0	2	0	1	0	1	0	0	0	0	0	2
968	586	0	0	114	0	1	0	0	0	0	0	0	0	1
98	1159	0	0	15	0	2	0	39	0	0	0	3	0	0
