12594
15759
17377
18010
18680
19096
19311
19577
23247
25570
38528
38596
38797
40357
40584
42664
44225
44405
45424
47054
47168
47339
48027
48581
48668
49064
50975
51065
53468
53707
55469
56673
56682
56742
56756
56834
56842
56853
56854
56855
56864
56865
56923
56928
56929
56930
56936
56946
56949
56950
56951
56952
56967
59391
59499
59720
60190
62559
62939
63649
64987
66255
67369
67549
67657
68326
68453
68479
68528
68602
72210
72614
73644
78314
80792
85390
85486
85958
87990
89813
91521
93321
95240
95299
95321
95397
101452
101531
102020
102056
108346
109140
116602
123523
124009
128786
129601
129613
130739
132308
135523
138169
140296
143436
145623
153452
154613
155083
155664
156942
157125
158253
158381
158580
158591
158600
158650
163019
164275
164293
164409
164476
164527
165086
166577
166654
166873
166875
167033
167960
168983
170073
171430
173461
173640
176511
176680
176836
177856
178547
178880
181070
181406
181625
181627
183258
183260
183337
183370
183373
183446
183666
183720
183744
183877
183987
184024
184153
184827
184849
185033
185171
185203
185238
185261
185377
185381
185387
185396
185478
185541
185579
186692
186746
187176
187724
187811
187945
187956
187967
188023
188060
188239
188824
188848
188862
188906
191092
191139
191377
191492
191876
191912
192089
193018
193117
194192
194426
203274
206806
207658
215947
216133
217614
217690
218246
218355
218778
219488
219610
229301
229619
230391
230793
230813
230837
232300
232301
233422
238088
240191
240572
241191
241461
244994
249502
252175
253460
266395
267031
268981
269325
279156
279407
279632
280177
280261
281699
282992
285632
285875
286442
287068
289166
289325
298639
299225
301654
304921
310154
314465
319491
320668
321643
321799
323188
325217
347842
354381
360737
366056
370809
371125
388838
389033
390294
390837
392227
395078
403390
403543
404466
405283
408672
422077
426246
426687
432174
432598
436109
436249
441831
455691
459902
462262
462729
466516
468999
472316
473349
473456
475853
477884
477920
478386
478409
478452
480845
481050
481094
481907
482183
482618
483916
484081
484644
485338
485507
485800
490232
490245
491310
493339
493588
493705
504144
506936
510599
512750
513270
519082
526890
527176
527477
530682
530698
530951
531928
540255
545660
548052
553155
553168
553362
554856
557679
557716
557820
557958
557960
558004
558210
564065
577832
580157
580512
580605
595415
595606
599356
600359
606955
616328
616516
616895
617651
617709
619786
625324
627537
627733
628384
628475
628641
629025
634847
636377
638516
649990
652666
654603
694976
699581
704567
706375
706395
708220
708265
708743
709085
709423
709464
712647
713828
718078
718761
730625
735879
736582
737841
745762
746309
746375
746515
746591
747986
752264
752396
752749
752804
752824
752875
752932
753110
753148
753172
753232
753373
753388
753394
753400
753524
753546
753630
753732
753750
753804
753834
754121
754156
754161
754170
754188
754206
754218
754221
755048
755081
757502
759490
759771
760287
760537
760730
761860
763803
764700
769763
769963
770219
770435
773394
774980
774983
774989
774998
775022
775049
775055
775064
775070
775072
775103
775173
775209
775211
778009
780389
780411
780459
780721
780790
780880
781325
783269
784526
784531
787813
792834
794690
797166
797550
803023
804189
807458
809084
809138
810670
811020
833058
846689
847023
847555
852842
859656
859758
860085
861553
861900
862305
863929
865455
867039
874023
895069
895386
896585
902249
904032
904484
909620
909754
912395
912643
916488
917317
917356
919991
920392
921110
923210
923529
924388
924542
924964
925193
926991
938064
938072
944883
949441
952731
953736
955574
955611
955804
955881
956103
959171
976825
977200
981363
982013
982212
992049
993410
994063
995527
1003246
1021435
