849
938
2212
5224
5353
7124
7178
7304
8460
8604
8642
9361
11597
14022
14089
14217
15176
17526
19543
20488
20537
20584
21638
21649
21665
21883
21902
21959
22016
22086
22194
22330
22671
22720
22907
23044
23378
23929
24017
24342
24600
24649
24856
25059
25201
25215
25298
25456
25482
25525
25579
25591
25666
25680
25786
25792
25807
25885
25942
25954
25957
25987
25991
26005
26029
26050
26069
26113
26137
26247
26402
26701
27188
27194
27207
27340
27656
27824
27857
27859
27860
27862
28274
28453
28479
29010
29398
29801
29807
29853
30381
30424
30572
30874
31374
31412
31495
32087
32243
32597
32606
32730
32832
33247
33294
33424
33553
33576
33646
34133
34335
34536
35007
35115
35459
35520
35608
35633
35699
35714
35725
36446
36610
36612
37210
37266
37658
37750
38418
38797
39565
39812
40382
40655
40739
40786
40788
41046
41091
41254
41528
41542
41739
41803
42284
42313
42444
42471
42514
42560
42721
42810
42861
42925
42972
43009
43084
43214
43305
43659
43714
43768
44015
44034
44186
44206
44219
44405
44492
44670
44918
45182
45440
45864
45926
46127
46248
46312
46562
46907
47216
47228
47802
47912
48003
48022
48095
48384
48684
48719
48852
48967
49621
49681
49733
49748
49804
49907
50182
50226
50330
50476
50774
50822
51182
51231
51260
51353
51388
51402
51458
51531
51939
52079
52203
52568
52674
52677
52830
53237
53367
53922
53969
55047
55066
55099
55100
55102
55469
55474
55475
55486
55489
55493
55496
55497
55509
55513
55515
55519
55527
56673
56682
56693
56694
56695
56700
56703
56708
56709
56711
56718
56730
56742
56756
56834
56842
56853
56854
56855
56864
56865
56923
56928
56929
56930
56936
56946
56949
56950
56951
56952
56967
57092
57156
59087
59094
59103
59117
59391
59430
59456
59499
59562
60294
61386
61427
61452
61577
61931
61957
62057
62178
62559
62605
62939
63100
63170
63306
63467
63530
63637
63681
63982
64177
64282
64468
64502
64509
64528
64642
64701
65206
65211
65365
65845
66011
66093
66182
66255
66424
66764
66977
67051
67274
67340
67369
67396
67408
67549
67608
67657
68276
68326
68381
68399
68453
68479
68520
68528
68596
68659
68662
68688
68863
69037
69223
69334
69526
69823
70044
70186
70205
70334
70338
70508
71100
71307
71459
71775
71907
72210
72311
72510
72809
73088
73416
73492
74009
74069
74286
74371
74475
74649
75456
75463
75504
75530
75632
75714
76622
77780
77911
77952
78263
78330
78351
78480
78525
78535
78554
78555
78556
79488
79599
79607
79666
79833
80025
80379
80409
80443
80535
80580
80613
81105
81566
81655
81796
82276
82735
83237
83408
83655
83660
83819
83938
84390
84730
85000
85508
85550
85690
85751
85970
86481
86703
86775
87092
87116
87159
87518
87990
88063
88271
88482
88739
88938
88962
89109
90383
90463
90750
90817
90931
91179
91330
91409
91480
91548
91680
91707
92090
92354
92726
92761
93188
93321
93501
93692
93694
93746
93965
94236
94347
94774
94775
94897
94940
95041
95144
95218
95255
95307
95364
95423
95509
95685
96012
96032
96152
96443
96538
96771
96946
97159
97595
98123
98246
98294
98399
99293
99416
99472
100061
100213
100360
100385
100549
100558
100716
101032
101452
101471
101561
101610
101708
101735
102019
102020
102056
102491
102655
102664
102666
102695
102830
102845
102936
103123
103622
103718
104127
104567
104846
105520
105670
106047
106392
106615
108226
110520
111096
111270
114153
115771
115799
116333
116602
116836
117252
119774
121191
121746
121755
124272
124412
124638
124874
125146
125259
125466
125481
125482
126205
126513
126690
126720
126990
127104
127406
128065
128071
128109
128200
128433
128658
128755
128786
128830
128892
129293
129294
129435
129601
129615
129688
129737
129808
129844
129917
130044
130080
130114
130308
130344
130392
130426
130465
130727
130739
131075
132021
132107
132308
132329
132335
132440
132859
133160
133285
133427
133629
133826
134072
134376
134445
134472
134478
134652
134692
134701
134916
134929
134941
134988
134989
135033
135238
135289
135292
135480
135490
135523
135768
135780
136418
136426
136461
136497
136845
136881
136905
136939
137599
137676
137712
137983
138063
138085
138256
138466
138826
138975
139178
139312
139526
139575
139644
139937
140118
140296
140428
140879
141336
141352
141655
141719
141722
142040
142845
142886
143324
143998
144085
144248
144256
144265
144285
145022
145224
145273
145472
145526
145574
148321
148515
148579
148746
148860
149739
150939
151252
151615
152493
153227
153923
153989
154064
154353
154613
155083
155189
155559
155664
155701
156278
156365
156872
156942
157125
157144
157373
157490
157521
157697
157831
157976
158027
158033
158034
158253
158260
158302
158642
158833
158876
158899
159022
159363
159373
159458
159678
159968
160702
160732
160744
160777
160779
161044
161104
161126
161189
161247
161272
161300
161314
161317
161320
161365
161371
161380
161680
161715
162249
162417
162460
162495
162497
162614
162722
162776
163253
163254
163655
163825
163963
164275
164293
164371
164409
164462
164476
164494
164527
164659
164849
164983
164992
164999
165086
165149
165423
165478
165565
165646
165674
165676
165770
165832
166449
166456
166636
166653
166769
167041
167706
167727
167734
167798
167960
168135
168770
168818
168934
168937
168959
168965
169072
169245
169291
169340
169828
169941
169946
170531
171058
171245
171320
171430
171488
171491
171547
171699
171973
172154
172289
172338
172380
172391
172489
172640
172834
172892
172981
173052
173376
173412
173442
173472
173623
173932
173951
174664
174672
174759
175248
175674
176137
176172
176512
176680
176708
176836
177037
177199
177352
177637
177856
178061
178250
178339
178608
178718
178785
179782
180452
180476
180631
181406
181625
181648
181849
181972
182050
182178
182484
182622
182625
182668
182758
182824
182962
183050
183258
183260
183337
183373
183446
183666
183701
183720
183744
183877
183987
183988
184024
184153
184340
184346
184391
184484
184539
184802
184993
185799
187952
187977
188959
189212
189296
190009
190696
190823
191865
191898
192207
193349
194120
194612
194856
195004
195124
195134
195212
195220
195225
195351
195836
195922
195973
196043
196177
196207
196254
196390
197030
197327
197462
197937
198015
198018
198381
198403
198512
199042
199088
199148
199687
199802
199866
199943
200047
200516
200728
201258
201340
201401
201430
201460
201541
201697
201725
201864
201999
202159
202265
202467
202534
202656
202824
202845
202955
203252
203356
203405
203419
203572
203668
203689
204085
204114
204207
204213
204627
204678
204683
204746
204857
205368
205448
205522
205643
205946
206391
206416
206596
206657
206737
206923
207427
207509
207758
207761
207807
207842
208300
208370
208619
208707
209021
209174
209337
209597
209847
209926
209963
210379
210927
211202
211582
211651
211835
212014
212343
212431
212536
212741
213939
214256
214431
214596
214682
214788
215071
215419
215468
215492
215525
215612
215799
215874
215897
215933
215940
216021
216060
216158
216188
216280
216362
216387
216436
216474
216542
216568
216598
216608
216759
216765
216915
217032
217311
217358
217553
217638
217866
217893
217923
217955
218159
218442
218487
218814
219564
219631
219652
219755
220090
220131
221126
221713
221844
222739
223230
223252
224179
224331
224431
224980
225715
226489
228031
228566
228855
231327
232134
232289
233083
237248
239342
239822
240074
240191
240572
241191
241461
241884
242034
242362
242545
243795
246417
247470
248150
248739
249502
250193
251740
252508
253013
253344
254916
255049
255079
255742
255761
255945
256303
257482
257559
257851
257859
258528
260184
260208
260295
260571
260724
260848
260979
260995
261064
261082
261594
261862
261885
261979
262077
262114
262693
262773
262926
262932
263409
263580
263593
264181
264256
264715
264810
265222
265420
265449
265518
265520
265893
265956
265962
266008
266059
266086
266973
267245
267247
267263
267398
267692
267772
267803
267875
268007
268267
269114
269265
269344
269374
269425
269452
269827
269842
269979
270154
270184
270321
270442
270619
270960
271237
271372
271875
272209
272340
272549
272612
272623
272670
272938
272971
273041
273106
273152
273167
273193
273219
273229
273368
273386
273470
273623
273644
274024
274532
274983
275312
275397
275752
275849
275890
275972
276484
276555
276591
276740
277137
277186
277575
277714
277716
278074
278107
278271
278648
278775
278970
279093
279304
279533
279578
279617
279957
280090
280177
280261
280448
280906
281019
281185
281837
281863
282002
282131
282266
282306
282342
282347
282624
282770
283044
283149
283157
283407
283551
283770
283800
283924
283963
284056
284238
284251
284311
284470
284759
284854
285043
285781
285941
285947
286186
286340
286454
286463
286550
286638
286821
286875
286881
286884
287141
287189
287657
287678
288240
288678
289142
289331
289774
290559
290748
291167
291349
291641
291788
291876
292100
292609
292921
293187
293278
293384
293452
293673
293693
293709
294071
294217
294278
294415
294538
294843
295046
295189
295231
295347
295506
295911
296353
296497
296660
296768
296789
296990
297226
297429
297674
297804
297838
297896
297947
298142
298350
298360
298473
298573
298612
298646
298663
298759
298856
299248
299330
300408
300465
300542
300622
300632
301040
301456
301519
301528
301544
301566
301679
302115
302536
302646
302660
302800
303034
303348
303577
303914
304084
304432
304446
304729
304774
305284
305401
306990
308575
309409
309809
310168
310480
310651
310793
310795
311014
311672
311711
311897
312059
312101
312165
312482
312484
312607
313243
313406
313484
313538
313555
313721
313841
314221
314240
314630
315086
315213
315383
315432
315656
316009
316612
316912
316972
317013
317372
317571
317619
317644
317675
317846
318196
319016
319160
319287
319827
320099
320141
320587
321412
321509
321579
321597
321719
321721
321734
321786
321801
321806
321943
322030
322043
322096
322130
322163
322211
322382
322554
322735
322762
322763
323183
323417
323515
323721
323873
324536
324605
324728
324870
325413
325838
325946
325998
326334
326355
326709
327282
327468
327504
327776
327874
328855
329481
329482
329635
329662
329754
329772
329803
330034
330175
330274
330387
330583
330954
331055
331231
331423
331895
332081
332246
332280
332311
332483
332670
332838
333024
333034
333039
333438
333522
333616
333839
333854
333880
334263
334457
334461
334530
334756
334855
335117
335918
336057
336268
336349
336481
336570
336672
336894
337250
337739
337751
337756
337967
338040
338053
338214
338871
339151
339588
340229
340722
340982
341214
341228
341288
341301
341517
341584
341859
341925
342178
342303
342479
342813
342827
342856
343142
343329
344032
344101
344226
344266
344299
344495
344791
345159
345342
345366
345399
345812
346404
346442
346651
346676
347346
347359
347399
347429
347639
347780
347788
347907
348063
348209
348213
348218
348247
348297
348321
348322
348362
348364
348366
348392
348445
348477
348482
348512
348539
348566
348720
348756
348970
349376
349646
349677
350009
350066
350178
350233
350445
350498
350571
350912
351599
352046
352099
352259
352260
352800
352923
352974
353109
353154
353196
353457
353685
353730
353949
353997
354208
354282
354387
354408
354414
354579
354645
354816
354867
355251
355359
355713
355989
356019
356033
356235
356508
356747
357396
357417
357452
357486
357511
357681
357730
357787
357790
357996
358059
358097
358433
358497
358515
358573
358583
358591
358594
358789
358985
359077
359318
359547
359549
359884
359908
359917
360027
360091
360136
360178
360265
360575
360609
360621
360713
361094
361243
361343
361535
361568
361720
361791
362123
362151
362231
362250
362511
362568
362695
362712
362841
362877
363201
363338
363350
363366
363754
363824
363998
364198
364406
364845
365012
365735
366063
366417
366559
366721
367345
367400
367440
367543
367818
367828
367860
368005
368062
368378
368627
369439
369442
369448
369791
369846
370061
370081
370499
370641
370886
371011
371127
371356
371443
371483
371621
371734
371737
371936
373123
373523
374291
375184
375251
375605
375774
375883
375951
376010
376344
377053
377059
377614
378087
378216
378874
378895
379330
379489
379707
379941
379952
380152
380158
380232
380732
380772
380855
381212
381219
381352
381723
382466
382514
382560
382712
383038
383769
384262
384630
384745
385274
385516
386028
386185
386691
386729
386769
386838
387943
388747
389556
389575
389843
389991
390182
390509
390566
390879
391061
391206
391443
391614
391860
391905
392253
392883
393108
393658
394778
395188
395221
395618
395729
395862
395892
396222
396484
397057
397111
397213
397578
398863
398888
398972
399142
399485
399563
399639
400116
400369
401004
401298
401362
401599
402376
402754
402773
403320
403387
403767
403784
403907
404379
404808
404979
405236
405912
406008
406029
406119
406152
406434
406592
406638
406653
406654
406666
406778
406785
406852
407064
407076
407240
407297
407908
408295
408368
408420
408490
408567
408856
409015
409066
409202
409264
409604
409663
409796
409853
409908
410017
410159
410228
410236
410307
410345
410654
410657
410713
410824
411052
411129
411156
411219
411269
411342
411567
411625
411630
411677
411691
411875
411977
412423
412573
412645
412739
412802
413530
413549
413570
413618
413719
413867
413923
414104
414217
414549
414747
414810
414972
414978
415060
415301
415345
415486
415599
415820
415830
415941
415950
416030
416087
416622
416669
416798
416915
417848
418090
418118
418649
418857
418930
418967
419148
419307
419334
419340
419599
419639
419743
420247
420320
420576
420671
420772
420822
420833
421077
421136
421905
422030
422374
423271
423301
423355
423411
423579
423593
423630
423842
424078
424455
424495
424771
425295
425335
425446
425862
426518
426575
426781
426946
427004
427168
427448
427677
427736
428297
428529
428756
428903
429268
429863
430540
430586
430589
430652
430731
430874
431189
431386
431745
432121
432198
432675
432884
432910
433161
433608
433729
434338
434429
434464
434563
434579
434630
434786
434909
434966
435174
435175
435283
435799
436362
436513
437063
437258
437708
437846
437924
438686
438695
439111
439160
439240
439342
439379
439662
439902
440172
440373
440424
440578
440715
441166
441345
441431
441470
441590
441771
442056
442215
442428
442526
442799
443112
443190
443294
443649
443697
443738
444215
444437
444556
444850
445040
445340
445432
445745
445785
445883
445893
446098
446179
446340
446485
446613
446851
446875
447065
447364
447794
447827
447939
447995
448034
448067
448083
448336
448780
448813
448882
449087
449379
449469
449548
449909
449918
449937
450041
450323
450377
450446
450477
450965
451253
451480
451568
451763
452306
453089
453391
453940
453961
454208
454328
454563
454701
454782
454869
454919
455004
455628
455865
455917
456131
456289
456630
456760
456937
456954
457112
457269
457500
457509
457788
457985
458048
458261
458262
458434
458508
458534
459170
459282
459374
459671
459939
460059
460197
460701
460964
461192
461354
461531
461540
461753
461797
461934
462143
462304
462309
462407
462440
462531
462930
463156
463250
463396
463483
463552
463591
463648
463717
463726
464454
464522
464687
464725
465370
465427
466127
466831
467016
467169
467462
467562
467806
467848
468145
468671
469434
469519
469927
470002
470168
470426
472357
472533
473110
473363
474071
474442
474474
474589
474596
474689
474713
474746
474804
474859
474904
475249
475394
475417
475581
475636
475853
476198
476295
476297
476610
476612
476812
477158
477167
477503
477603
477868
477884
477920
478086
478135
478300
478880
479204
479604
479673
479690
479738
479752
479783
479882
479929
479987
480440
480947
481068
481093
481096
481107
481211
481283
481675
481699
481704
481715
481783
481806
481847
482094
482196
482204
482232
482564
482593
482922
482940
483415
483593
483608
483679
483741
483980
484114
484146
484204
484863
485185
485331
485333
485373
485394
485395
485559
485728
485874
486155
487260
487398
487547
488086
488153
488174
488253
488354
488376
488747
489006
489580
489821
490686
490887
491021
491431
491656
491738
492004
492159
492206
492308
492455
492566
492626
492867
492885
492906
492924
492959
493335
493396
493505
493549
493588
493705
493863
494132
494684
494914
495065
495573
495926
496001
496496
496850
497234
497814
498245
498355
498640
498676
498815
498818
498875
499135
499252
499381
499409
499822
500063
500408
500833
500858
501184
501340
501428
501676
501799
502168
502195
502512
502641
502939
503852
503897
504084
504303
504411
504877
504905
504960
504978
505058
505095
505225
505371
505856
506259
506510
506624
506771
506825
506960
506983
507043
507148
507317
507461
507835
507891
508149
508319
508561
508564
508843
509401
509662
509910
510189
510276
510359
510907
511216
511247
511385
511395
511397
511526
511633
511636
511842
511859
512676
512750
512847
512896
512918
513270
513312
513418
513706
514506
514546
514571
514942
515038
515601
515761
515836
516132
516232
516300
516325
516327
516328
516329
516344
516348
516386
516438
516452
516542
516692
516981
517037
517086
517109
517159
517281
517282
517339
517579
518553
518626
518879
518940
519004
519026
519116
519150
519198
519283
519693
519947
519994
520423
520512
520560
520588
520909
521230
521257
521425
521575
521760
521795
521997
522404
522638
522690
522779
522795
522837
522990
523356
523587
524164
524389
524646
524771
524849
524963
525439
525687
525690
525992
526121
526201
526307
526562
526774
526864
526892
527188
527793
527843
528214
528709
528850
529038
529061
529193
529857
529944
530078
530082
530568
530655
530820
530821
530824
530846
530855
531049
531131
531147
531951
532127
532154
532168
532189
533324
533339
533647
533838
533929
534012
534029
534231
534275
534421
534444
534574
534824
535429
535750
535809
535838
536256
536339
536519
536573
536937
537148
537206
537285
537662
538440
538536
538599
538707
538776
538985
539071
539117
539189
539195
539424
539622
539708
539818
540102
540164
540218
540439
540697
540842
540944
541011
541021
541052
541436
541477
541527
541731
541904
542415
542546
542961
543847
543850
543937
544013
544096
544582
544969
544999
545187
545213
545448
545646
545660
545795
545861
545886
546090
546091
546178
546211
546394
546535
546834
547119
547177
547233
547261
547292
547344
547360
547366
547397
547928
548052
548245
548487
548872
548911
549068
549408
549510
549516
549518
549920
549960
549967
550766
551630
551714
551754
551817
551942
552001
552046
552228
552238
552285
552487
552644
552728
552820
553037
553057
553079
553210
553232
553283
553294
553321
553821
553868
553935
554184
555353
555912
556478
556681
556953
558180
558181
560244
560499
562831
563191
563575
563628
563650
565284
565437
565539
565773
567126
567366
567925
568948
569060
569155
569240
569296
569892
569909
569934
569980
570211
570355
570452
570918
570980
571126
571357
571707
571847
572096
572120
572463
572711
572792
573180
573232
573251
573263
573375
573517
573536
573550
573596
573653
573728
574017
574278
574566
574667
574733
575306
575721
575838
575881
576467
576563
576728
577063
577203
577294
577661
578136
578239
578287
578405
578507
578515
579569
579578
579702
579848
579891
581721
581739
581795
581907
582148
582150
582207
582220
582300
582919
583461
583483
583618
583757
583856
583860
583901
584158
584415
584581
584833
585289
585295
585815
586151
586513
587077
587160
587402
587643
587984
588168
588263
588429
588597
588964
589089
589504
589580
589631
589646
589748
589997
590051
590165
590179
590192
590430
590584
590631
590734
590759
590834
590838
590898
590899
591062
591229
591491
591561
592146
592567
592850
593115
593252
593289
593328
594440
594827
594858
594920
595274
595276
595338
595466
595747
595786
595927
596093
596433
596497
596664
596697
596737
596738
596739
596740
596980
597008
597180
597183
597184
597220
597257
597258
597260
597440
597546
597554
597604
597651
597660
597686
597722
597747
597797
597888
597898
598125
598350
598890
599047
600229
600320
600392
600506
600685
600825
601297
601380
601576
602109
602143
602184
602227
602671
602687
602689
602994
603138
603330
603438
603727
603741
603828
604154
604431
604513
604525
604606
604626
604772
604784
604825
605057
605301
605348
605864
605942
606248
606299
606483
606574
606982
607441
607690
607829
608212
608303
608532
608681
609212
609351
609743
609777
609960
610863
611268
611277
611280
611748
612213
612744
613094
613106
613150
613789
614140
614372
614800
615046
615137
615160
615320
615352
615774
615964
615991
616000
616285
616323
616384
616403
617027
617129
617393
617801
617891
617903
618116
618137
618413
618685
618890
618896
618995
619016
619206
619245
619332
619484
619527
619786
619895
620059
620198
620684
621462
621537
621845
621859
621981
622162
622386
622410
622680
622784
622819
622929
623010
623114
623237
623310
623511
623617
623700
624233
624313
624320
624400
624586
624837
625025
625438
625599
625768
626188
626252
626274
626378
626570
626629
626999
627014
627650
628111
628641
628823
628883
628918
628956
628962
629025
629061
630084
630377
630433
631323
631472
631485
632077
632104
632241
632383
632956
633006
633023
633564
633797
633818
633846
633866
634178
634186
634238
634538
634847
635015
635341
635761
635787
636283
636322
636341
636342
636343
636344
636345
636346
636347
636370
636377
636424
636649
636947
638370
638508
638601
638603
638861
638925
639102
639893
639953
639975
640009
640250
640331
640426
640689
641076
641270
641310
641917
642544
642814
643052
643346
643429
643646
644263
644444
644524
644760
645017
645183
645237
645242
645353
645457
645958
646118
646139
646457
647030
647072
647241
647324
647350
647432
647795
647810
647835
648425
648503
648566
648929
648950
649109
649290
649294
649681
649699
649892
649968
649990
650144
650273
650292
650937
651047
651363
651468
651744
651855
652015
652017
652018
652056
652296
652630
652666
652767
652811
652860
652945
653635
653819
653854
653976
654423
654603
655041
655276
655695
655790
656253
656517
656563
656634
656766
656778
657043
657082
657237
657267
657371
657397
657435
657864
658467
658696
658788
659143
659434
659854
659931
660456
660520
660635
661110
661179
661613
662081
662302
662437
664138
664401
664487
664573
665179
665195
665335
665386
665428
665447
665507
665790
665802
665964
666804
666950
667084
667248
667726
667807
668303
668521
668708
668755
669016
669059
669074
669397
669461
669616
670230
670236
670476
670616
670668
670695
670777
670981
670987
671387
671663
672042
672356
672357
672730
672912
673138
673335
673362
674104
674136
674235
674624
675453
675549
675717
675731
675878
675983
676136
676255
676476
676803
677083
677448
677515
677621
677739
677812
677841
677973
678018
678301
678364
678381
678746
678846
678911
679650
679690
679981
680034
680208
680611
680978
681005
681142
681210
681266
681345
681422
681446
681454
681590
681602
681796
681995
682049
682058
682177
682221
682285
682290
682298
682303
682306
682418
682502
682521
682634
682674
682701
682717
682872
682938
682979
683063
683252
683331
683340
683458
683459
683460
683529
683545
683637
683652
683768
683817
683880
683952
684004
684081
684100
684147
684261
684262
684265
684361
684364
684367
684406
684446
684496
684505
684517
684543
684553
684583
684802
684850
684931
684955
685171
685192
685326
685331
685358
686121
686184
686304
686363
686431
686552
686561
686627
686630
686780
686783
686856
686864
686872
686882
686895
687038
687098
687135
687220
687387
687458
687679
687686
687775
687792
687964
688083
688134
688637
688982
689206
689367
689385
689586
689649
689705
689755
690000
690242
690243
690387
690388
690389
690390
690391
690392
690449
691047
691350
692633
692825
693239
693391
693527
693823
694786
694976
694987
695704
696107
696167
696320
696674
696881
697299
697335
697339
697344
697407
697434
697480
697783
697908
697985
698109
698192
698197
698273
698287
698414
698522
698570
698604
698723
698984
699083
699377
699533
699551
699581
699605
699611
699613
699616
699620
699626
699692
699755
700589
700868
700876
700883
700898
700901
700908
700909
700961
700979
700985
700988
701002
701376
701393
701440
702028
702223
702550
702553
702604
702646
703099
703133
703175
703727
703919
703930
703959
704155
704281
704285
704312
704313
704372
704495
704557
704567
704722
705403
705742
705782
705840
706330
706375
706395
707045
707165
707324
707584
707737
707748
707934
708153
708156
708157
708158
708161
708162
708166
708172
708274
708280
708732
708740
708741
708742
708743
708745
708811
708855
708916
708920
709041
709085
709423
709464
709514
709860
709899
709935
709956
709959
710055
710157
710164
710172
710183
710255
710257
710277
710280
710289
710477
710637
710638
710639
710718
710771
710825
710864
710957
711036
711124
711203
711221
711224
711239
711258
711290
711326
711370
711407
711473
711602
711703
711704
711737
711780
711824
711889
712094
712298
712482
712552
712643
712845
713374
713375
713376
713377
713757
713807
713819
713828
713835
714994
715535
715621
715885
716545
716547
717022
717078
717465
717493
717581
717602
717793
717833
718761
719369
719515
719698
719814
720059
720088
720162
720192
720275
720418
720471
720501
720561
721305
721574
722024
722456
722562
723092
723152
723245
723780
724007
724152
724338
724446
724588
724607
724634
724744
724875
724941
725097
725110
725117
725150
725184
725403
725741
725746
725886
726020
726101
726128
726294
726335
726348
726724
727437
727896
728058
728096
728211
728252
728298
728555
728699
728918
729044
729332
729433
729722
729849
730207
730435
730466
730558
730771
731155
731329
731459
731721
732075
732402
732989
733005
733029
733092
733110
733123
733146
733170
733173
733212
733221
733224
733293
733320
733323
733415
733434
733500
733566
733581
733590
733591
733592
733617
733651
733706
733935
734048
734057
734099
734219
734249
734318
734394
734450
734462
734498
734576
734591
734594
734621
734699
734714
734750
734753
734828
734861
734873
734876
735215
735239
735245
735294
735392
735445
735447
735450
735457
735528
735553
735557
735570
735590
735617
735688
735715
735850
735879
735947
735963
735964
736027
736105
736111
736126
736144
736174
736210
736261
736269
736288
736306
736329
736336
736448
736732
736930
736946
736994
737057
737112
737208
737272
737282
737284
737317
737324
737361
737493
737515
737562
737601
737607
737628
737636
737673
737691
737775
737817
737841
737916
737993
738058
738069
738084
738087
738096
738106
738192
738195
738297
738303
738330
738543
738986
739129
739628
739689
739716
739833
739965
740164
740370
740505
740579
740778
740831
741373
741374
741464
741803
741848
741872
741879
741941
741962
741980
741983
742008
742054
742062
742064
742202
742236
742237
742262
742283
742310
742313
742337
742343
742392
742393
742446
742448
742475
742558
742577
742581
742613
742625
742628
742674
742676
743229
743496
743571
743652
743901
743909
744142
744246
744285
744310
744327
744351
744381
744390
744417
744435
744450
744510
744524
744590
745185
745190
745209
745246
745705
745741
745756
745762
745858
746242
746347
746531
746592
746626
746631
746633
746649
746660
746661
746779
746830
746837
746874
746895
746905
746914
746944
746948
747613
747619
747658
747682
747722
747751
747757
747808
747811
747814
747828
747859
747968
747970
747986
748012
748030
748048
748054
748070
748124
748129
748268
748288
748320
748363
748399
748407
748408
748427
748495
748541
748552
748584
748600
748611
748615
749391
749397
749400
749415
749419
749604
749655
749657
749661
749708
749715
749759
749766
750128
750311
750336
750433
750501
750565
750580
750583
750585
750649
750685
751138
751142
751176
751245
751287
751296
751347
751356
751362
751380
751482
751554
751672
752390
752396
752483
752749
752804
752824
752875
752932
753110
753148
753172
753232
753373
753388
753394
753400
753466
753502
753524
753546
753630
753732
753750
753804
753834
753879
753924
753948
753972
754664
755081
755218
755240
755250
755543
755675
755872
756360
756566
756709
756776
757837
757891
758138
758345
758465
758486
758620
758644
758705
758941
759215
759297
759361
759490
759561
759627
759689
759771
759799
759859
759910
759915
760047
760082
760085
760094
760241
760284
760287
760422
760509
760601
760730
760941
761023
761408
761540
761543
761860
763206
763260
763823
764150
764342
764586
764700
765006
765382
765622
766060
766243
766448
766610
766686
766713
767241
767259
767566
768039
768087
768397
768563
768596
768602
768819
768966
769601
769963
770226
770626
770646
770674
770686
770697
770739
770743
770766
770768
770773
770777
770781
770790
770815
770823
770895
770951
771151
771290
771501
771522
771540
771546
771549
771579
771606
771819
772062
772431
772446
772458
772467
772488
772536
772575
772612
772626
772698
772725
772764
772899
773517
773857
773909
774259
774345
774349
774352
774362
774370
774372
774391
774421
774433
774444
774457
774583
774592
774607
774689
774701
774704
774724
774980
774982
774983
774989
774998
775022
775049
775055
775064
775070
775072
775103
775173
775209
775211
775648
775707
775719
775737
775770
775782
775791
775812
775818
775824
775836
775857
775860
775863
775869
775872
775880
775890
775896
775917
775926
775973
775986
776007
776010
776013
776016
776025
776034
776038
776039
776043
776058
776071
776086
776162
776447
776456
776534
776653
776967
777575
777578
777584
777590
780129
780175
780530
780533
780534
780635
780700
780824
780883
780886
780919
780946
780973
781084
781217
781325
781359
781652
781996
782210
782221
782230
782242
782245
782365
782378
782541
782719
783059
783184
783359
783556
783559
783562
783563
783619
783625
783868
783924
784363
784492
784576
784612
784684
784948
784958
784983
785086
785090
785189
785286
785420
785437
785454
785500
785539
785552
785653
785671
785680
785740
785758
785842
786169
786547
786769
786934
786987
787062
787101
787104
787153
787158
787245
787390
787588
787722
787747
787818
787836
787839
787856
787866
788265
788293
788373
788418
788436
788442
788443
788475
788493
788553
788599
788676
788694
788854
788872
788890
788944
789002
789067
789139
789164
789171
789358
789526
789541
789781
790180
790196
790198
790252
790253
790273
790285
790402
790420
790516
790522
790669
790725
790753
790755
790887
790935
791021
791027
791036
791045
791075
791084
791264
791371
791516
791519
791555
791564
791573
791576
791582
791585
791627
791651
791720
791738
791841
791865
792003
792306
792591
792656
792719
792727
792940
793516
793556
793796
794054
794103
794253
794690
794855
795053
795111
795118
795139
795168
795319
795637
795878
796050
796328
796451
796481
796518
796563
796574
796631
796649
796655
797026
797039
797081
797165
797166
797193
797229
797230
797234
797241
797268
797395
797433
797733
798274
798285
798323
798382
798696
799117
799261
800038
800479
800482
800515
800539
800635
800713
800905
801274
801963
802047
802090
802193
802346
802432
803123
803182
803211
803400
803637
803698
804066
804189
804208
804264
804655
804817
805567
805720
805746
806077
806097
807271
807411
807782
807959
807967
808251
810454
810576
810670
811020
811397
811640
813045
813210
813267
814266
814292
814954
816081
816264
818426
818430
818795
819296
819369
819431
819487
819778
819792
820005
820024
820468
821095
821184
821211
821212
821242
821415
821511
821580
822014
822152
823019
823045
823769
824186
824229
824425
824897
824977
825543
825559
825656
825692
826250
826306
826436
826460
826601
826920
827227
827239
827392
827513
827539
827550
827934
828280
828519
828545
828596
828684
828837
828865
828879
829349
829639
830308
830318
830411
830688
830709
831122
831139
831279
831658
831716
831720
831778
831889
832019
832171
832400
832499
832897
832942
833001
833058
833179
833494
833572
833656
834357
834502
834658
834713
835620
836112
836140
836156
836228
836290
836719
836959
837100
837326
837644
838021
838335
838377
838425
838530
838554
838774
839268
839954
840281
840812
841048
841259
841696
841723
842030
842090
842108
842188
842271
842357
842514
842685
842784
843240
843278
843328
843544
843667
843715
843798
843964
844015
844189
844602
844612
845000
845119
845288
845307
845381
845461
845572
845574
845678
845810
846088
846361
846592
846689
847011
847059
847307
847555
847563
847848
847925
847949
847974
848514
848631
848928
849216
849278
849777
849952
850279
850286
850368
850520
850598
850663
850694
851078
851081
851623
851632
852272
852304
852421
852474
852617
852626
852694
852758
852918
853208
853361
853616
853664
853683
853694
859386
859509
859511
859656
859750
859758
860085
860286
860356
860740
860818
860848
861110
861326
861408
861692
861893
861905
862291
862360
862516
862681
863011
864189
864536
864661
865102
865525
866036
866118
866193
866505
866585
866680
866751
866804
867043
867655
869108
869213
869289
869648
870341
870365
870541
870580
871148
871237
871448
871790
872317
872637
872727
872832
873097
873109
873214
873417
873471
873479
873631
873632
874106
874276
874384
874540
874630
874846
875047
875250
875446
875639
875707
875773
881730
881995
882015
882489
883086
883161
883389
883432
883441
883980
884154
884258
884354
884476
884482
884499
885321
885447
885589
886343
886423
886436
886476
886745
887172
887502
887739
888066
888405
888612
888833
888885
889019
889429
889767
890181
890478
890884
890893
891084
891170
891303
891449
891629
891779
891977
892046
892412
892433
892659
892675
892736
892765
892852
892873
893054
893056
893125
893206
893293
893311
893356
893365
893375
893390
893407
893422
893436
893488
893521
893528
893662
893707
893927
894045
894047
894359
894717
895180
895221
895296
895317
895320
895341
895407
895434
895966
895991
896007
896034
896040
896091
896112
896118
896121
896122
896658
896775
897011
897283
897326
897565
897771
897806
897986
898073
898091
898450
898487
898658
898855
898960
898981
899057
899244
899425
899510
899933
900774
901665
901784
901930
901979
902170
902173
902249
902789
903215
903247
903529
903583
903591
904457
904661
905254
905297
905476
905589
905627
905661
905692
905977
906040
906326
906531
906535
906544
906733
906736
906980
907117
907268
907585
907667
907673
907872
908027
908082
908183
908184
908217
908662
908691
908816
908933
909211
909312
909608
909620
909741
909754
910036
910047
910105
910261
910577
910607
910944
911059
911071
911080
911169
911370
911584
911669
911756
911758
911782
911833
911859
911885
911986
912247
912395
912643
913096
913153
913770
914257
914356
914539
914774
914948
915154
915871
915947
916029
916120
916150
916400
916460
916507
916514
917129
917841
918050
918184
919198
919532
919592
919714
920166
920288
920292
920459
920630
920711
920726
920958
920969
921028
921205
921206
921232
921375
921423
921499
921800
921860
921939
921956
922170
922330
922659
923216
924059
924411
924428
924953
925336
925489
925676
925951
926114
926156
927073
927399
928285
928358
928520
928660
928753
928858
928948
929686
929741
929792
930015
930150
930314
930365
930437
930496
930532
930735
931173
931332
931504
931627
931629
931811
931821
931979
932419
932471
932500
932641
932826
932894
933038
933062
933095
933260
933295
934306
934702
934749
934910
935232
935511
935774
936060
936875
936960
937170
937209
937264
937359
937697
938341
938554
939166
939745
939911
939954
940224
940230
940492
940582
940634
941009
941074
941075
941191
941583
941606
942283
942353
942526
942552
943882
944047
944127
944385
945270
945397
945426
945488
945524
945546
945818
945844
946048
946079
946115
946624
946771
947000
947117
947710
947735
948110
948295
948364
948520
948543
948585
948631
948978
949074
949331
949382
949463
949712
949756
950009
950488
950820
950862
951833
951871
951873
952107
952118
952206
952476
952782
952965
953316
953559
953614
953620
953671
953937
953961
953983
954038
954128
954315
954370
955082
955108
955255
955277
955298
955574
955596
955611
955639
955804
955841
955881
956103
956791
957059
957206
957282
958026
958300
958638
958678
959068
959124
959338
959529
959676
959819
960081
960097
961036
961214
961710
961740
961778
961801
961843
961891
962044
962107
962360
962529
962632
962890
962990
963040
963044
963090
963847
963999
964255
964418
964421
964428
964564
964691
964733
965681
966234
966251
966444
966606
966680
966696
966746
966807
966845
966923
967067
967572
968073
968650
968777
969016
969535
969754
969762
970675
971218
971434
971511
971602
971639
971640
972324
972918
973888
974034
975567
975854
977200
978053
978295
978808
978902
979608
979610
980677
980687
980704
980962
981112
981381
981879
982070
982420
982480
982571
982781
983027
983119
983255
983328
983426
983446
983452
983752
983954
984086
984135
984317
984749
985133
985144
985256
985536
985620
985682
985757
986060
986078
986094
986142
986184
986265
986564
986750
987113
987254
987403
987470
987577
987580
987886
988003
988269
988363
988583
988783
989663
990416
990896
991367
991956
992413
992599
992626
992850
992978
993056
993139
993790
993961
994347
994433
994574
995010
995475
995565
995730
995933
996501
996595
996596
996819
996847
996944
997290
997364
997412
997523
997689
998019
998164
998289
998648
998660
998758
998760
998896
998952
999003
999146
999395
999447
1000308
1000664
1000870
1000875
1000909
1000939
1001034
1001288
1001335
1001346
1001362
1001365
1001366
1001451
1001506
1001508
1001572
1001578
1001584
1001586
1001587
1001598
1001615
1001631
1001635
1001637
1001677
1001685
1001701
1001711
1001764
1001800
1001801
1001804
1001821
1001869
1001927
1001963
1002276
1002342
1002451
1002565
1002621
1002684
1002753
1003094
1003581
1003666
1003781
1003888
1004150
1004225
1004418
1004657
1005293
1005629
1005707
1005773
1005967
1005968
1006567
1007261
1007272
1008073
1008222
1008438
1008527
1008644
1008727
1008946
1009115
1009144
1009151
1009384
1009734
1009789
1010220
1010535
1010634
1011880
1011985
1012017
1012246
1012288
1012609
1012796
1013016
1013225
1013255
1013625
1013635
1013661
1013723
1013812
1013826
1013900
1013952
1014520
1014678
1014757
1014998
1015289
1015539
1015642
1015674
1015993
1016169
1016450
1016861
1016901
1016916
1017526
1017573
1017575
1018229
1018235
1018251
1018289
1018326
1018366
1018473
1018522
1018552
1018830
1019608
1019812
1020001
1020024
1020716
1021385
1021435
1021477
1021536
1021885
1024016
1024017
1024047
1024055
1024242
1024243
1024247
1024274
1024360
1024410
1024459
1024669
1024670
1024707
1024722
1024904
1024960
1024963
1024964
1025083
1025110
1025140
1025168
1025202
1025209
1025344
1025415
1025440
1025496
1025538
1025654
1025807
1025819
1025839
1025840
1025850
1025909
1026107
1026131
1026167
1026191
1026209
1026223
1026299
1026344
1026353
1026359
1026483
1026551
1026554
1026578
1026596
1026608
1026611
1026616
1026629
1026653
1026656
1026668
1026725
1026749
1026752
1026758
1026763
1026764
1026767
1026771
1026772
1026785
1026833
1026857
1026863
1026922
1027103
1027415
1027430
1027508
1027540
1027711
1027713
1027733
1028104
1028108
1028110
1028112
1028113
1028117
1028133
1028334
1028472
1028500
1033328
1033617
1038330
1038993
1039139
1041838
