849
938
2212
22907
23044
23378
23929
24017
24342
24600
24649
24856
25059
25201
26402
26701
27188
27194
27207
27340
27656
27824
27857
27859
27860
27862
28274
28453
28479
29010
29398
29801
29807
29853
30381
30424
30572
30874
31374
31412
31495
32087
32243
32597
32606
32730
32832
33247
33294
33424
33553
33576
33646
37266
37658
37750
38418
38797
39565
39812
40382
40655
40739
40786
40788
41046
41091
41254
41528
41542
41739
41803
42284
42313
42444
42471
42514
42560
42721
42810
42861
42925
42972
43009
43084
43214
43305
43659
43714
43768
44015
44034
44186
44206
44219
44405
44492
44670
44918
63100
63170
63306
63467
63530
63637
63681
63982
64177
64282
64468
64502
64509
64528
64642
64701
65206
65211
65365
65845
66011
66093
66182
66255
66424
66764
66977
67051
67274
67340
67369
67396
67408
67549
67608
67657
68276
68326
68381
68399
68453
68479
68520
68528
68596
68659
68662
68688
68863
69037
69223
69334
69526
69823
70044
70186
70205
70334
70338
70508
71100
71307
71459
71775
71907
72210
72311
72510
72809
73088
73416
73492
74009
74069
74286
74371
74475
74649
75456
75463
75504
75530
75632
75714
76622
77780
81105
81566
81655
81796
82276
82735
83237
83408
83655
83660
83819
83938
84390
84730
85000
85508
85550
85690
85751
85970
86481
86703
86775
87092
87116
87159
87518
87990
88063
88271
88482
88739
88938
88962
89109
90383
99293
99416
99472
100061
100213
100360
100385
100549
100558
100716
101032
101452
101471
101561
101610
101708
101735
102019
102020
102056
102491
102655
102664
102666
102695
102830
102845
102936
103123
103622
103718
104127
104567
104846
105520
105670
106047
106392
106615
108226
110520
111096
111270
145022
145224
145273
145472
145526
145574
148321
148515
148579
148746
148860
149739
150939
151252
151615
152493
153227
153923
153989
154064
154353
154613
155083
155189
155559
155664
155701
156278
156365
169340
169828
169941
169946
170531
171058
171245
171320
171430
171488
171491
171547
171699
171973
172154
172289
172338
172380
172391
172489
172640
172834
172892
172981
173052
173376
173412
173442
173472
173623
173932
173951
174664
174672
174759
175248
175674
176137
176172
176512
176680
176708
176836
177037
177199
177352
184802
184993
185799
187952
187977
188959
189212
189296
190009
190696
190823
191865
191898
192207
193349
194120
194612
194856
195004
195124
195134
195212
195220
195225
195351
195836
195922
195973
196043
196177
196207
196254
196390
197030
197327
197462
197937
198015
198018
198381
198403
198512
199042
199088
199148
199687
199802
199866
199943
200047
200516
200728
201258
201340
201401
201430
201460
201541
201697
201725
201864
201999
202159
202265
202467
202534
202656
202824
202845
202955
203252
203356
203405
203419
203572
203668
203689
204085
204114
204207
204213
204627
204678
204683
204746
204857
205368
205448
205522
205643
205946
206391
206416
206596
206657
206737
206923
207427
207509
207758
207761
207807
207842
208300
208370
208619
208707
209021
209174
209337
209597
209847
209926
209963
210379
210927
211202
211582
211651
211835
212014
212343
212431
212536
212741
213939
214256
214431
214596
214682
214788
215071
215419
215468
215492
215525
215612
215799
215874
215897
215933
215940
216021
216060
216158
216188
216280
216362
216387
216436
216474
216542
216568
216598
216608
216759
216765
216915
217032
217311
217358
217553
217638
217866
217893
217923
217955
218159
218442
218487
232134
232289
233083
237248
239342
239822
240074
240191
240572
241191
241461
241884
242034
242362
242545
243795
246417
255742
255761
255945
256303
257482
257559
257851
257859
258528
260184
260208
260295
260571
260724
260848
260979
260995
261064
261082
261594
261862
261885
261979
262077
262114
262693
262773
262926
262932
263409
263580
263593
264181
264256
264715
264810
265222
265420
265449
265518
265520
265893
265956
265962
266008
266059
266086
266973
267245
267247
267263
267398
267692
267772
267803
267875
268007
268267
269114
269265
269344
269374
269425
269452
269827
269842
269979
270154
270184
270321
270442
270619
270960
277137
277186
277575
277714
277716
278074
278107
278271
278648
278775
278970
279093
279304
279533
279578
279617
279957
280090
280177
280261
280448
280906
281019
281185
281837
281863
282002
282131
282266
282306
282342
282347
282624
282770
283044
283149
283157
283407
283551
283770
283800
283924
283963
284056
284238
284251
284311
284470
284759
284854
285043
285781
285941
285947
286186
286340
286454
286463
286550
286638
286821
286875
286881
286884
287141
287189
287657
287678
288240
288678
289142
289331
289774
290559
290748
291167
291349
291641
291788
291876
292100
292609
292921
293187
293278
293384
293452
293673
293693
293709
294071
294217
294278
294415
294538
294843
295046
295189
295231
295347
295506
295911
296353
296497
296660
296768
296789
296990
297226
297429
297674
297804
304432
304446
304729
304774
305284
305401
306990
308575
309409
309809
310168
310480
310651
310793
310795
311014
311672
311711
311897
312059
312101
312165
312482
312484
312607
375774
375883
375951
376010
376344
377053
377059
377614
378087
378216
378874
378895
379330
379489
379707
379941
379952
380152
380158
380232
380732
380772
380855
381212
381219
381352
381723
382466
382514
382560
382712
383038
383769
384262
384630
384745
385274
385516
386028
386185
386691
386729
386769
386838
387943
388747
389556
389575
389843
389991
390182
390509
390566
390879
391061
391206
391443
391614
391860
391905
392253
392883
393108
393658
394778
395188
395221
395618
395729
395862
395892
396222
396484
397057
397111
397213
397578
398863
398888
398972
399142
399485
399563
399639
400116
400369
401004
401298
401362
401599
402376
402754
402773
403320
403387
403767
403784
403907
404379
404808
404979
405236
405912
406008
406029
406119
406152
407908
408295
413867
413923
414104
414217
414549
414747
414810
414972
414978
415060
415301
415345
415486
415599
415820
415830
415941
415950
416030
416087
416622
416669
416798
416915
417848
418090
418118
418649
418857
418930
418967
419148
419307
419334
419340
419599
419639
419743
420247
420320
437924
448780
448813
448882
449087
449379
449469
449548
449909
449918
449937
450041
450323
450377
450446
450477
450965
451253
451480
451568
451763
452306
453089
453391
453940
453961
454208
454328
454563
454701
454782
454869
454919
455004
455628
455865
455917
456131
456289
456630
456760
456937
456954
457112
457269
457500
457509
457788
457985
458048
458261
458262
458434
458508
458534
459170
459282
459374
459671
459939
460059
460197
460701
460964
461192
461354
461531
461540
468145
468671
469434
469519
469927
470002
470168
470426
472357
472533
473110
473363
474071
474442
474474
474589
474596
474689
474713
474746
474804
474859
474904
475249
475394
492159
492206
492308
492455
492566
492626
492867
492885
492906
492924
492959
493335
493396
493505
493549
493588
493705
493863
494132
494684
494914
495065
495573
495926
496001
496496
496850
497234
497814
498245
498355
498640
498676
498815
498818
498875
499135
499252
499381
499409
499822
500063
500408
500833
500858
501184
501340
501428
501676
501799
502168
502195
502512
502641
502939
503852
503897
504084
516692
516981
517037
517086
517109
517159
517281
517282
517339
517579
518553
518626
518879
518940
519004
519026
519116
519150
519198
519283
519693
519947
519994
520423
520512
520560
520588
520909
521230
521257
521425
521575
521760
521795
521997
522404
522638
522690
522779
522795
522837
522990
523356
523587
524164
524389
524646
524771
524849
524963
525439
525687
525690
525992
526121
526201
526307
526562
526774
526864
526892
527188
527793
527843
528214
528709
528850
529038
529061
529193
529857
529944
530078
530082
530568
530655
530820
530821
530824
530846
530855
531049
531131
531147
531951
532127
532154
541731
541904
542415
542546
542961
543847
543850
543937
544013
544096
544582
544969
544999
545187
545213
545448
545646
545660
545795
545861
545886
546090
546091
546178
546211
546394
546535
546834
547119
547397
547928
548052
548245
548487
548872
548911
549068
549408
549510
549516
549518
549920
549960
549967
550766
551630
551714
551754
551817
551942
552001
552046
552228
552238
552285
552487
552644
552728
552820
553037
553057
553079
553210
553232
553283
553294
553321
553821
553868
553935
554184
555353
555912
556478
556681
556953
558180
558181
560244
560499
562831
563191
563575
563628
563650
575721
575838
575881
576467
576563
576728
577063
577203
577294
577661
578136
578239
578287
578405
578507
578515
579569
579578
579702
579848
579891
581721
581739
581795
581907
582148
582150
582207
582220
582300
582919
583461
583483
583618
583757
583856
583860
583901
584158
584415
584581
584833
585289
585295
585815
586151
586513
587077
602671
602687
602689
602994
603138
603330
603438
603727
603741
603828
604154
604431
604513
604525
604606
604626
604772
604784
604825
605057
605301
605348
605864
605942
606248
606299
606483
606574
606982
607441
607690
607829
608212
608303
608532
608681
609212
609351
609743
609777
609960
610863
611268
611277
611280
611748
612213
612744
613094
613106
613150
613789
614140
614372
619332
619484
619527
619786
619895
620059
620198
620684
621462
621537
621845
621859
621981
622162
622386
622410
622680
622784
622819
622929
623010
623114
623237
623310
623511
623617
623700
624233
624313
624320
624400
624586
624837
625025
625438
625599
625768
626188
626252
626274
626378
626570
626629
626999
627014
627650
628111
628641
628823
628883
628918
628956
628962
629025
629061
630084
630377
630433
631323
631472
631485
632077
632104
632241
632383
632956
633006
633023
633564
633797
633818
633846
633866
634178
634186
634238
634538
634847
635015
635341
635761
635787
636283
636322
636341
636342
636343
636344
636345
636346
636347
636370
636377
636424
636649
636947
638370
638508
638601
638603
638861
638925
639102
639893
639953
639975
640009
640250
640331
640426
640689
641076
641270
641310
641917
642544
642814
643052
643346
643429
643646
644263
644444
644524
644760
645017
645183
645237
645242
645353
645457
645958
646118
646139
646457
647030
647072
647241
647324
647350
647432
647795
647810
647835
648425
648503
648566
648929
648950
649109
649290
649294
649681
649699
649892
649968
649990
650144
650273
650292
650937
651047
651363
651468
651744
651855
652015
652017
652018
652056
652296
652630
652666
652767
652811
652860
652945
653635
653819
653854
653976
654423
654603
655041
655276
655695
655790
656253
656517
656563
656634
656766
656778
657043
657082
657237
657267
657371
657397
657435
657864
658467
658696
658788
659143
659434
659854
659931
660456
660520
660635
661110
661179
661613
662081
662302
662437
664138
664401
664487
664573
665179
665195
665335
665386
665428
665447
665507
665790
665802
665964
666804
666950
667084
667248
667726
667807
668303
668521
668708
668755
669016
669059
669074
669397
669461
669616
670230
670236
670476
674104
674136
674235
674624
675453
675549
675717
675731
675878
675983
676136
676255
676476
676803
677083
677448
677515
677621
677739
677812
677841
677973
678018
678301
678364
678381
678746
678846
678911
679650
679690
679981
680034
680208
680611
689385
689586
689649
689705
689755
690000
690242
690243
690387
690388
690389
690390
690391
690392
690449
691047
691350
692633
692825
693239
693391
693527
693823
694786
694976
694987
695704
696107
696167
696320
696674
696881
703099
703133
703175
703727
703919
703930
703959
704155
704281
704285
704312
704313
704372
704495
704557
704567
704722
705403
705742
705782
705840
706330
706375
706395
707045
707165
707324
707584
707737
707748
707934
713374
713375
713376
713377
713757
713807
713819
713828
713835
714994
715535
715621
715885
716545
716547
717022
717078
717465
717493
717581
717602
717793
717833
806097
807271
807411
807782
807959
807967
808251
810454
810576
810670
811020
811397
811640
813045
813210
813267
820468
875707
875773
883980
884154
884258
884354
884476
884482
884499
885321
885447
885589
886343
886423
886436
886476
886745
887172
887502
887739
888066
888405
888612
888833
888885
889019
889429
889767
890181
890478
890884
890893
891084
891170
891303
891449
891629
891779
891977
892046
892412
892433
892659
892675
892736
892765
892852
892873
893054
893056
893125
893206
893293
893311
893356
893365
893375
893390
893407
893422
893436
893488
893521
893528
893662
893707
893927
894045
894047
894359
894717
895180
895221
895296
895317
895320
895341
895407
895434
895966
895991
896007
896034
896040
896091
896112
896118
896121
896122
896658
896775
897011
897283
897326
897565
897771
897806
897986
898073
898091
898450
898487
898658
898855
898960
898981
899057
899244
899425
899510
899933
900774
901665
901784
901930
901979
902170
902173
902249
902789
903215
903247
903529
903583
903591
904457
904661
905254
905297
905476
905589
905627
905661
905692
905977
906040
906326
906531
906535
906544
922330
922659
923216
968650
968777
969016
969535
969754
969762
970675
971218
971434
971511
971602
971639
971640
972324
972918
973888
974034
975567
975854
977200
978053
978295
978808
978902
979608
979610
980677
980687
980704
980962
981112
