7124
8460
15176
25482
29853
38797
43009
44405
44918
48967
55469
56673
56682
56693
56694
56695
56700
56703
56708
56709
56711
56718
56730
56742
56756
56834
56842
56853
56854
56855
56864
56865
56923
56928
56929
56930
56936
56946
56949
56950
56951
56952
56967
59391
59499
62559
62939
65206
65211
66255
67549
68326
68528
71100
71307
72210
72510
73416
79833
87518
87990
93321
93746
96443
100061
100213
100360
101452
101561
101708
102020
102056
130739
132308
155083
155664
156942
157125
157144
157521
157831
158027
158034
158253
158642
159363
159373
162614
163253
163254
164275
164293
164409
164476
164527
165086
165674
165676
165832
167960
169072
169291
169941
171430
176680
176836
177856
179782
180452
180476
181406
181625
183258
183260
183337
183373
183446
183666
183720
183744
183877
183987
184024
184153
184340
184346
184484
184539
187977
188959
189212
202159
202824
202845
211651
215933
216387
217358
224980
231327
239342
239822
240074
240191
240572
241191
241461
241884
242034
246417
248739
249502
250193
251740
253013
254916
255079
271237
271372
272971
274024
274532
276555
280177
280261
286638
294071
295189
309409
319016
327468
357790
359077
362841
368005
370081
382712
384630
391614
408295
425295
430589
433161
449548
457269
463648
468145
474713
475249
475853
476610
477603
477884
477920
493396
526864
535809
571357
595747
596697
597258
597651
603828
604431
604784
606483
606982
607829
611268
613094
614140
614372
615320
616285
616323
619786
626252
628641
628823
629025
636283
649990
650144
652015
652666
654603
657371
659854
674235
684100
684265
686121
694976
699581
704567
706375
706395
707584
708153
708156
708157
708158
708161
708162
708166
708172
708743
709041
709085
709423
709464
715885
718761
733651
735879
737272
737282
737841
745762
747986
748124
752396
752749
752804
752824
752875
752932
753110
753148
753172
753232
753373
753388
753394
753400
753524
753546
753630
753732
753750
753804
753834
755081
755218
759490
759771
760287
760730
763823
764700
774980
774982
774983
774989
774998
775022
775049
775055
775064
775070
775072
775103
775173
775209
775211
776534
781325
781359
808251
810670
811020
833058
884499
890893
894717
897326
898073
899057
899244
902249
907585
909620
909754
912395
912643
916400
917129
921232
932419
932471
932500
937697
941009
941075
941583
941606
945524
948543
955574
955611
955804
955841
955881
956103
961214
961801
977200
987113
998760
1001963
1003781
1005968
1010634
1015539
1017575
1024247
1024707
1039139
